           1
         100
         100
           1
          30
   0.03333333    
   9.81000000    
   0.00100000    
   1.57000000       0.20000000       0.20000000       0.20000000       0.20000000       0.20000000       0.20000000       0.20000000       0.20000000       0.20000000       0.20000000       0.20000000       0.20000000       0.20000000       0.20000000       0.20000000       0.20000000       0.20000000       0.20000000       0.20000000       0.20000000       0.20000000       0.20000000       0.20000000       0.20000000       0.20000000       0.20000000       0.20000000       0.20000000       0.20000000    
   0.00000000       0.00000000       0.00000000       0.00000000       0.00000000       0.00000000       0.00000000       0.00000000       0.00000000       0.00000000       0.00000000       0.00000000       0.00000000       0.00000000       0.00000000       0.00000000       0.00000000       0.00000000       0.00000000       0.00000000       0.00000000       0.00000000       0.00000000       0.00000000       0.00000000       0.00000000       0.00000000       0.00000000       0.00000000       0.00000000    
   0.00000000       0.00000000       0.00000000       0.00000000       0.00000000       0.00000000       0.00000000       0.00000000       0.00000000       0.00000000       0.00000000       0.00000000       0.00000000       0.00000000       0.00000000       0.00000000       0.00000000       0.00000000       0.00000000       0.00000000       0.00000000       0.00000000       0.00000000       0.00000000       0.00000000       0.00000000       0.00000000       0.00000000       0.00000000       0.00000000    
